기간	자치구	동	세대	인구	인구	인구	인구	인구	인구	인구	인구	인구	세대당인구	65세이상고령자
기간	자치구	동	세대	합계	합계	합계	한국인	한국인	한국인	외국인	외국인	외국인	세대당인구	65세이상고령자
기간	자치구	동	세대	계	남자	여자	계	남자	여자	계	남자	여자	세대당인구	65세이상고령자
2020.2/4	합계	합계	4,384,076	9,985,652	4,859,501	5,126,151	9,720,846	4,732,275	4,988,571	264,806	127,226	137,580	2.21731	1,534,957
2020.2/4	종로구	소계	74,497	160,520	77,745	82,775	150,383	73,288	77,095	10,137	4,457	5,680	2.01865	28,203
2020.2/4	종로구	사직동	4,717	9,787	4,442	5,345	9,506	4,281	5,225	281	161	120	2.01526	1,836
2020.2/4	종로구	삼청동	1,370	2,973	1,427	1,546	2,707	1,301	1,406	266	126	140	1.97591	683
2020.2/4	종로구	부암동	4,346	10,421	4,953	5,468	10,050	4,769	5,281	371	184	187	2.31247	1,802
2020.2/4	종로구	평창동	7,517	18,696	8,752	9,944	18,519	8,671	9,848	177	81	96	2.46362	3,362
2020.2/4	종로구	무악동	3,203	8,691	4,043	4,648	8,645	4,023	4,622	46	20	26	2.69903	1,446
2020.2/4	종로구	교남동	4,595	10,686	4,962	5,724	10,534	4,890	5,644	152	72	80	2.29249	1,600
2020.2/4	종로구	가회동	2,074	4,453	2,069	2,384	4,354	2,015	2,339	99	54	45	2.09932	932
2020.2/4	종로구	종로1.2.3.4가동	5,232	8,526	5,010	3,516	7,248	4,349	2,899	1,278	661	617	1.38532	1,985
2020.2/4	종로구	종로5·6가동	3,406	5,800	3,148	2,652	5,323	2,887	2,436	477	261	216	1.56283	1,135
2020.2/4	종로구	이화동	4,463	8,336	3,841	4,495	7,774	3,661	4,113	562	180	382	1.74188	1,400
2020.2/4	종로구	창신1동	2,952	6,016	3,237	2,779	5,162	2,803	2,359	854	434	420	1.74864	1,245
2020.2/4	종로구	창신2동	4,137	9,654	4,930	4,724	8,394	4,315	4,079	1,260	615	645	2.02901	1,751
2020.2/4	종로구	창신3동	2,905	7,189	3,526	3,663	7,001	3,422	3,579	188	104	84	2.40998	1,240
2020.2/4	종로구	숭인1동	2,990	6,494	3,138	3,356	6,149	2,992	3,157	345	146	199	2.05652	1,192
2020.2/4	종로구	숭인2동	5,871	9,987	5,024	4,963	9,540	4,860	4,680	447	164	283	1.62494	1,697
2020.2/4	종로구	청운효자동	5,395	12,855	6,022	6,833	12,609	5,885	6,724	246	137	109	2.33716	2,220
2020.2/4	종로구	혜화동	9,324	19,956	9,221	10,735	16,868	8,164	8,704	3,088	1,057	2,031	1.80909	2,677
2020.2/4	중구	소계	63,354	136,030	66,545	69,485	126,092	61,697	64,395	9,938	4,848	5,090	1.99028	24,035
2020.2/4	중구	소공동	1,131	3,045	1,551	1,494	2,103	1,019	1,084	942	532	410	1.85942	295
2020.2/4	중구	회현동	3,083	5,814	3,113	2,701	5,203	2,783	2,420	611	330	281	1.68764	1,522
2020.2/4	중구	명동	1,589	3,693	1,647	2,046	2,992	1,271	1,721	701	376	325	1.88295	791
2020.2/4	중구	필동	2,338	4,837	2,432	2,405	3,982	2,049	1,933	855	383	472	1.70317	847
2020.2/4	중구	장충동	2,761	5,528	2,738	2,790	4,697	2,376	2,321	831	362	469	1.7012	822
2020.2/4	중구	광희동	3,075	6,463	3,401	3,062	5,034	2,659	2,375	1,429	742	687	1.63707	1,217
2020.2/4	중구	을지로동	1,358	1,993	1,193	800	1,817	1,102	715	176	91	85	1.338	510
2020.2/4	중구	신당5동	5,363	11,002	5,341	5,661	10,644	5,189	5,455	358	152	206	1.98471	1,782
2020.2/4	중구	황학동	6,935	13,721	6,567	7,154	12,712	6,092	6,620	1,009	475	534	1.83302	1,970
2020.2/4	중구	중림동	5,860	12,896	6,464	6,432	12,577	6,293	6,284	319	171	148	2.14625	2,074
2020.2/4	중구	신당동	4,515	9,206	4,500	4,706	7,567	3,756	3,811	1,639	744	895	1.67597	1,402
2020.2/4	중구	다산동	6,991	14,956	7,230	7,726	14,454	7,027	7,427	502	203	299	2.06752	2,641
2020.2/4	중구	약수동	7,828	17,579	8,287	9,292	17,377	8,180	9,197	202	107	95	2.21985	3,707
2020.2/4	중구	청구동	6,359	14,354	6,819	7,535	14,150	6,715	7,435	204	104	100	2.22519	2,643
2020.2/4	중구	동화동	4,168	10,943	5,262	5,681	10,783	5,186	5,597	160	76	84	2.58709	1,812
2020.2/4	용산구	소계	111,586	245,362	119,494	125,868	229,431	110,527	118,904	15,931	8,967	6,964	2.05609	39,650
2020.2/4	용산구	후암동	8,594	18,354	8,955	9,399	17,807	8,666	9,141	547	289	258	2.07203	3,073
2020.2/4	용산구	용산2가동	5,427	11,626	5,662	5,964	10,247	4,932	5,315	1,379	730	649	1.88815	2,110
2020.2/4	용산구	남영동	5,450	8,268	5,024	3,244	7,736	4,752	2,984	532	272	260	1.41945	1,632
2020.2/4	용산구	원효로2동	6,018	14,491	6,820	7,671	14,338	6,760	7,578	153	60	93	2.38252	2,396
2020.2/4	용산구	효창동	4,329	10,387	4,945	5,442	10,259	4,874	5,385	128	71	57	2.36983	1,453
2020.2/4	용산구	용문동	5,412	12,510	5,972	6,538	12,380	5,910	6,470	130	62	68	2.28751	2,078
2020.2/4	용산구	이촌1동	10,356	29,329	13,761	15,568	28,486	13,318	15,168	843	443	400	2.75068	4,527
2020.2/4	용산구	이촌2동	3,848	8,887	4,189	4,698	8,793	4,146	4,647	94	43	51	2.28508	1,778
2020.2/4	용산구	이태원1동	3,839	9,153	4,789	4,364	6,899	3,273	3,626	2,254	1,516	738	1.79708	1,614
2020.2/4	용산구	이태원2동	4,955	10,826	5,109	5,717	9,283	4,292	4,991	1,543	817	726	1.87346	1,912
2020.2/4	용산구	서빙고동	5,316	14,143	6,820	7,323	13,349	6,409	6,940	794	411	383	2.5111	2,104
2020.2/4	용산구	보광동	7,724	16,023	8,252	7,771	14,293	7,059	7,234	1,730	1,193	537	1.85047	2,788
2020.2/4	용산구	청파동	11,028	20,664	9,576	11,088	19,917	9,320	10,597	747	256	491	1.80604	3,364
2020.2/4	용산구	원효로1동	7,956	16,792	8,127	8,665	16,140	7,787	8,353	652	340	312	2.02866	1,994
2020.2/4	용산구	한강로동	10,005	19,940	9,708	10,232	18,321	8,839	9,482	1,619	869	750	1.83118	3,085
2020.2/4	용산구	한남동	11,329	23,969	11,785	12,184	21,183	10,190	10,993	2,786	1,595	1,191	1.8698	3,742
2020.2/4	성동구	소계	135,937	304,851	148,554	156,297	297,397	145,258	152,139	7,454	3,296	4,158	2.18776	45,005
2020.2/4	성동구	왕십리2동	7,626	17,668	8,589	9,079	17,288	8,415	8,873	380	174	206	2.26698	2,573
2020.2/4	성동구	마장동	10,912	23,755	11,624	12,131	23,094	11,372	11,722	661	252	409	2.11639	3,781
2020.2/4	성동구	사근동	7,696	13,511	6,702	6,809	11,901	6,100	5,801	1,610	602	1,008	1.54639	1,501
2020.2/4	성동구	행당1동	6,617	14,827	7,126	7,701	14,473	6,979	7,494	354	147	207	2.18724	2,115
2020.2/4	성동구	행당2동	9,482	24,441	11,463	12,978	24,349	11,425	12,924	92	38	54	2.56792	3,715
2020.2/4	성동구	응봉동	6,145	15,952	7,530	8,422	15,887	7,508	8,379	65	22	43	2.58535	2,510
2020.2/4	성동구	금호1가동	6,687	15,927	7,605	8,322	15,830	7,560	8,270	97	45	52	2.36728	2,487
2020.2/4	성동구	금호4가동	6,463	15,016	7,193	7,823	14,879	7,129	7,750	137	64	73	2.30218	2,291
2020.2/4	성동구	성수1가1동	7,602	17,038	8,540	8,498	16,714	8,361	8,353	324	179	145	2.19863	2,147
2020.2/4	성동구	성수1가2동	6,632	14,163	6,973	7,190	13,824	6,812	7,012	339	161	178	2.08444	1,934
2020.2/4	성동구	성수2가1동	8,512	17,567	9,127	8,440	16,944	8,839	8,105	623	288	335	1.9906	2,831
2020.2/4	성동구	성수2가3동	5,751	11,615	5,923	5,692	11,312	5,754	5,558	303	169	134	1.96696	1,834
2020.2/4	성동구	송정동	5,578	11,365	5,978	5,387	10,913	5,741	5,172	452	237	215	1.95644	1,730
2020.2/4	성동구	용답동	6,901	13,136	6,868	6,268	12,082	6,408	5,674	1,054	460	594	1.75076	2,161
2020.2/4	성동구	왕십리도선동	11,909	27,812	13,254	14,558	27,304	13,028	14,276	508	226	282	2.29272	3,619
2020.2/4	성동구	금호2.3가동	10,362	23,929	11,384	12,545	23,743	11,300	12,443	186	84	102	2.29135	3,851
2020.2/4	성동구	옥수동	11,062	27,129	12,675	14,454	26,860	12,527	14,333	269	148	121	2.42813	3,925
2020.2/4	광진구	소계	166,307	363,925	175,083	188,842	349,574	168,879	180,695	14,351	6,204	8,147	2.10198	49,457
2020.2/4	광진구	화양동	16,608	25,263	11,587	13,676	22,360	10,582	11,778	2,903	1,005	1,898	1.34634	2,278
2020.2/4	광진구	군자동	10,981	22,007	10,834	11,173	19,952	9,852	10,100	2,055	982	1,073	1.81696	2,901
2020.2/4	광진구	중곡1동	8,153	16,201	7,908	8,293	15,759	7,717	8,042	442	191	251	1.93291	2,437
2020.2/4	광진구	중곡2동	10,604	22,500	10,685	11,815	22,159	10,543	11,616	341	142	199	2.08968	3,150
2020.2/4	광진구	중곡3동	8,538	17,126	8,482	8,644	16,881	8,391	8,490	245	91	154	1.97716	2,767
2020.2/4	광진구	중곡4동	13,257	30,320	14,829	15,491	29,894	14,665	15,229	426	164	262	2.25496	4,891
2020.2/4	광진구	능동	6,473	12,046	5,551	6,495	11,684	5,368	6,316	362	183	179	1.80504	1,600
2020.2/4	광진구	구의1동	12,089	23,006	10,964	12,042	22,295	10,634	11,661	711	330	381	1.84424	3,051
2020.2/4	광진구	구의2동	11,645	27,620	13,249	14,371	27,160	13,048	14,112	460	201	259	2.33233	4,137
2020.2/4	광진구	구의3동	12,218	29,813	14,155	15,658	29,509	14,006	15,503	304	149	155	2.41521	3,857
2020.2/4	광진구	광장동	12,073	35,934	17,357	18,577	35,749	17,271	18,478	185	86	99	2.96107	3,623
2020.2/4	광진구	자양1동	11,646	23,875	11,465	12,410	22,856	11,013	11,843	1,019	452	567	1.96256	3,302
2020.2/4	광진구	자양2동	11,285	26,607	12,955	13,652	26,185	12,757	13,428	422	198	224	2.32034	3,827
2020.2/4	광진구	자양3동	11,111	29,210	14,039	15,171	28,939	13,924	15,015	271	115	156	2.60454	3,955
2020.2/4	광진구	자양4동	9,626	22,397	11,023	11,374	18,192	9,108	9,084	4,205	1,915	2,290	1.88988	3,681
2020.2/4	동대문구	소계	166,451	360,380	177,237	183,143	345,593	171,392	174,201	14,787	5,845	8,942	2.07624	60,817
2020.2/4	동대문구	회기동	6,209	12,679	5,784	6,895	10,396	4,942	5,454	2,283	842	1,441	1.67434	1,543
2020.2/4	동대문구	휘경1동	7,123	15,421	7,377	8,044	13,731	6,715	7,016	1,690	662	1,028	1.9277	2,174
2020.2/4	동대문구	휘경2동	11,762	25,132	12,395	12,737	24,450	12,150	12,300	682	245	437	2.07873	3,859
2020.2/4	동대문구	청량리동	10,495	21,588	10,764	10,824	20,969	10,473	10,496	619	291	328	1.998	5,331
2020.2/4	동대문구	용신동	17,906	32,379	16,421	15,958	30,917	15,760	15,157	1,462	661	801	1.72663	5,611
2020.2/4	동대문구	제기동	13,181	27,137	13,620	13,517	24,981	12,818	12,163	2,156	802	1,354	1.89523	5,597
2020.2/4	동대문구	전농1동	15,170	31,016	15,517	15,499	30,471	15,288	15,183	545	229	316	2.00864	5,544
2020.2/4	동대문구	전농2동	7,751	19,753	9,489	10,264	19,405	9,349	10,056	348	140	208	2.50355	3,578
2020.2/4	동대문구	답십리2동	12,981	30,108	14,691	15,417	29,807	14,538	15,269	301	153	148	2.2962	5,382
2020.2/4	동대문구	장안1동	17,976	39,319	19,540	19,779	38,706	19,272	19,434	613	268	345	2.1532	6,189
2020.2/4	동대문구	장안2동	13,925	33,552	16,772	16,780	33,240	16,648	16,592	312	124	188	2.38707	4,927
2020.2/4	동대문구	이문1동	10,512	21,427	10,227	11,200	18,593	9,216	9,377	2,834	1,011	1,823	1.76874	3,250
2020.2/4	동대문구	이문2동	8,642	21,226	10,295	10,931	20,721	10,065	10,656	505	230	275	2.39771	3,791
2020.2/4	동대문구	답십리1동	12,818	29,643	14,345	15,298	29,206	14,158	15,048	437	187	250	2.27851	4,041
2020.2/4	중랑구	소계	183,310	399,415	197,384	202,031	394,414	195,349	199,065	5,001	2,035	2,966	2.15162	67,637
2020.2/4	중랑구	면목2동	12,333	25,664	12,782	12,882	25,309	12,644	12,665	355	138	217	2.05214	4,391
2020.2/4	중랑구	면목4동	9,121	19,597	9,778	9,819	19,286	9,653	9,633	311	125	186	2.11446	3,614
2020.2/4	중랑구	면목5동	4,521	9,675	4,897	4,778	9,556	4,855	4,701	119	42	77	2.11369	1,655
2020.2/4	중랑구	면목7동	10,573	22,825	11,412	11,413	22,477	11,266	11,211	348	146	202	2.12589	4,112
2020.2/4	중랑구	상봉1동	10,345	25,299	12,371	12,928	25,133	12,304	12,829	166	67	99	2.42948	3,575
2020.2/4	중랑구	상봉2동	11,395	20,036	9,746	10,290	19,714	9,612	10,102	322	134	188	1.73006	2,893
2020.2/4	중랑구	중화1동	9,083	20,699	10,127	10,572	20,515	10,052	10,463	184	75	109	2.25861	3,411
2020.2/4	중랑구	중화2동	13,989	26,666	13,681	12,985	26,135	13,443	12,692	531	238	293	1.86825	4,892
2020.2/4	중랑구	묵1동	14,860	35,885	17,411	18,474	35,700	17,350	18,350	185	61	124	2.40242	5,620
2020.2/4	중랑구	묵2동	9,262	19,789	9,696	10,093	19,554	9,611	9,943	235	85	150	2.11121	3,381
2020.2/4	중랑구	망우3동	8,457	17,770	8,916	8,854	17,378	8,755	8,623	392	161	231	2.05487	3,191
2020.2/4	중랑구	신내1동	14,887	40,611	19,803	20,808	40,459	19,733	20,726	152	70	82	2.71774	6,509
2020.2/4	중랑구	신내2동	9,071	21,616	10,296	11,320	21,525	10,267	11,258	91	29	62	2.37295	3,825
2020.2/4	중랑구	면목본동	17,744	35,927	17,798	18,129	35,084	17,444	17,640	843	354	489	1.97723	5,930
2020.2/4	중랑구	면목3.8동	12,787	26,494	13,159	13,335	26,073	12,981	13,092	421	178	243	2.03902	4,842
2020.2/4	중랑구	망우본동	14,882	30,862	15,511	15,351	30,516	15,379	15,137	346	132	214	2.05053	5,796
2020.2/4	성북구	소계	195,064	452,290	217,551	234,739	441,812	213,431	228,381	10,478	4,120	6,358	2.26496	72,822
2020.2/4	성북구	돈암1동	6,247	15,657	7,323	8,334	15,561	7,287	8,274	96	36	60	2.49096	2,816
2020.2/4	성북구	돈암2동	8,682	24,837	11,872	12,965	24,742	11,824	12,918	95	48	47	2.8498	3,353
2020.2/4	성북구	안암동	9,409	17,101	8,438	8,663	15,489	7,843	7,646	1,612	595	1,017	1.64619	2,182
2020.2/4	성북구	보문동	7,946	16,520	7,980	8,540	16,156	7,826	8,330	364	154	210	2.03322	2,405
2020.2/4	성북구	정릉1동	7,520	19,261	9,254	10,007	18,932	9,152	9,780	329	102	227	2.51755	3,042
2020.2/4	성북구	정릉2동	9,719	23,749	11,493	12,256	23,526	11,410	12,116	223	83	140	2.42062	4,307
2020.2/4	성북구	정릉3동	7,946	17,035	8,400	8,635	15,654	7,769	7,885	1,381	631	750	1.97005	3,257
2020.2/4	성북구	정릉4동	10,982	26,301	12,696	13,605	25,946	12,554	13,392	355	142	213	2.36259	4,696
2020.2/4	성북구	길음1동	12,814	36,781	17,516	19,265	36,603	17,440	19,163	178	76	102	2.85649	4,375
2020.2/4	성북구	길음2동	7,109	17,293	8,353	8,940	17,156	8,296	8,860	137	57	80	2.41328	2,538
2020.2/4	성북구	월곡1동	10,858	27,304	13,175	14,129	27,107	13,106	14,001	197	69	128	2.4965	4,579
2020.2/4	성북구	월곡2동	9,542	20,679	9,922	10,757	20,130	9,668	10,462	549	254	295	2.10962	3,530
2020.2/4	성북구	장위1동	9,091	20,556	10,015	10,541	20,352	9,952	10,400	204	63	141	2.2387	3,672
2020.2/4	성북구	장위2동	6,575	14,266	7,034	7,232	14,036	6,933	7,103	230	101	129	2.13475	3,081
2020.2/4	성북구	장위3동	7,413	18,145	9,007	9,138	17,951	8,917	9,034	194	90	104	2.42156	2,485
2020.2/4	성북구	성북동	8,192	17,528	8,198	9,330	16,986	7,972	9,014	542	226	316	2.07349	3,092
2020.2/4	성북구	삼선동	11,808	24,564	11,650	12,914	24,000	11,422	12,578	564	228	336	2.03252	3,904
2020.2/4	성북구	동선동	9,354	16,384	6,799	9,585	15,673	6,614	9,059	711	185	526	1.67554	2,260
2020.2/4	성북구	종암동	17,296	41,594	20,260	21,334	40,013	19,714	20,299	1,581	546	1,035	2.31343	6,484
2020.2/4	성북구	석관동	16,561	36,735	18,166	18,569	35,799	17,732	18,067	936	434	502	2.16164	6,764
2020.2/4	강북구	소계	145,559	315,395	153,389	162,006	311,773	152,028	159,745	3,622	1,361	2,261	2.1419	62,338
2020.2/4	강북구	번1동	10,430	19,684	9,791	9,893	19,278	9,642	9,636	406	149	257	1.84832	3,531
2020.2/4	강북구	번2동	7,652	16,872	8,184	8,688	16,740	8,136	8,604	132	48	84	2.18766	3,896
2020.2/4	강북구	번3동	7,613	17,927	8,435	9,492	17,850	8,421	9,429	77	14	63	2.34467	4,558
2020.2/4	강북구	수유1동	10,402	21,622	10,655	10,967	21,370	10,569	10,801	252	86	166	2.05441	4,332
2020.2/4	강북구	수유2동	9,672	21,796	10,427	11,369	21,651	10,381	11,270	145	46	99	2.23852	4,610
2020.2/4	강북구	수유3동	12,944	24,053	11,916	12,137	23,665	11,768	11,897	388	148	240	1.82826	4,483
2020.2/4	강북구	삼양동	11,436	25,176	12,523	12,653	24,993	12,455	12,538	183	68	115	2.18547	4,833
2020.2/4	강북구	미아동	11,593	22,786	10,943	11,843	22,287	10,735	11,552	499	208	291	1.92245	4,364
2020.2/4	강북구	송중동	14,046	31,272	14,980	16,292	30,673	14,745	15,928	599	235	364	2.18375	5,902
2020.2/4	강북구	송천동	13,785	28,299	14,060	14,239	27,844	13,872	13,972	455	188	267	2.01988	5,998
2020.2/4	강북구	삼각산동	11,781	32,546	15,631	16,915	32,419	15,583	16,836	127	48	79	2.7518	4,276
2020.2/4	강북구	우이동	9,553	21,210	10,326	10,884	21,068	10,268	10,800	142	58	84	2.20538	4,665
2020.2/4	강북구	인수동	14,652	32,152	15,518	16,634	31,935	15,453	16,482	217	65	152	2.17957	6,890
2020.2/4	도봉구	소계	138,966	331,744	161,724	170,020	329,560	160,855	168,705	2,184	869	1,315	2.37152	60,784
2020.2/4	도봉구	쌍문1동	9,429	22,225	10,679	11,546	22,003	10,601	11,402	222	78	144	2.33355	4,343
2020.2/4	도봉구	쌍문2동	8,657	19,773	9,560	10,213	19,584	9,456	10,128	189	104	85	2.26222	3,762
2020.2/4	도봉구	쌍문3동	7,908	17,118	8,301	8,817	16,958	8,241	8,717	160	60	100	2.14441	3,324
2020.2/4	도봉구	쌍문4동	7,184	19,575	9,296	10,279	19,541	9,284	10,257	34	12	22	2.72007	2,877
2020.2/4	도봉구	방학1동	12,778	29,675	14,695	14,980	29,393	14,593	14,800	282	102	180	2.30028	5,495
2020.2/4	도봉구	방학2동	9,573	20,835	10,497	10,338	20,642	10,417	10,225	193	80	113	2.15627	4,180
2020.2/4	도봉구	방학3동	10,072	28,328	13,769	14,559	28,256	13,748	14,508	72	21	51	2.8054	4,684
2020.2/4	도봉구	창1동	10,935	25,847	12,317	13,530	25,686	12,255	13,431	161	62	99	2.34897	4,374
2020.2/4	도봉구	창2동	12,424	30,265	14,809	15,456	29,988	14,683	15,305	277	126	151	2.41372	4,965
2020.2/4	도봉구	창3동	6,676	14,594	7,287	7,307	14,492	7,250	7,242	102	37	65	2.17076	2,866
2020.2/4	도봉구	창4동	10,679	27,632	13,285	14,347	27,540	13,239	14,301	92	46	46	2.57889	4,014
2020.2/4	도봉구	창5동	10,139	25,521	12,227	13,294	25,399	12,190	13,209	122	37	85	2.50508	4,136
2020.2/4	도봉구	도봉1동	10,349	21,969	11,100	10,869	21,817	11,047	10,770	152	53	99	2.10813	5,540
2020.2/4	도봉구	도봉2동	12,163	28,387	13,902	14,485	28,261	13,851	14,410	126	51	75	2.32352	6,224
2020.2/4	노원구	소계	217,897	533,041	257,473	275,568	528,887	255,624	273,263	4,154	1,849	2,305	2.42723	83,636
2020.2/4	노원구	월계1동	10,579	23,589	12,156	11,433	22,950	11,827	11,123	639	329	310	2.16939	4,206
2020.2/4	노원구	월계2동	12,083	28,026	13,481	14,545	27,877	13,437	14,440	149	44	105	2.30713	5,560
2020.2/4	노원구	월계3동	13,016	31,229	14,944	16,285	31,032	14,864	16,168	197	80	117	2.38414	5,753
2020.2/4	노원구	공릉2동	16,409	40,652	19,808	20,844	40,015	19,508	20,507	637	300	337	2.4386	5,058
2020.2/4	노원구	하계1동	11,768	28,459	13,720	14,739	27,907	13,451	14,456	552	269	283	2.37143	4,237
2020.2/4	노원구	하계2동	8,282	23,061	10,990	12,071	23,002	10,966	12,036	59	24	35	2.77735	3,052
2020.2/4	노원구	중계본동	8,789	25,452	12,448	13,004	25,387	12,423	12,964	65	25	40	2.8885	2,573
2020.2/4	노원구	중계1동	9,085	27,764	13,586	14,178	27,671	13,545	14,126	93	41	52	3.04579	2,273
2020.2/4	노원구	중계4동	8,456	21,006	10,157	10,849	20,945	10,136	10,809	61	21	40	2.47694	3,898
2020.2/4	노원구	상계1동	15,627	39,762	19,307	20,455	39,598	19,250	20,348	164	57	107	2.53395	6,686
2020.2/4	노원구	상계2동	8,753	20,997	10,386	10,611	20,831	10,312	10,519	166	74	92	2.37987	3,211
2020.2/4	노원구	상계5동	10,925	25,028	12,188	12,840	24,893	12,135	12,758	135	53	82	2.27854	4,922
2020.2/4	노원구	상계8동	9,291	23,506	11,305	12,201	23,455	11,294	12,161	51	11	40	2.52449	2,748
2020.2/4	노원구	상계9동	8,462	21,618	10,277	11,341	21,530	10,253	11,277	88	24	64	2.54432	3,259
2020.2/4	노원구	상계10동	6,607	16,402	7,538	8,864	16,342	7,513	8,829	60	25	35	2.47344	2,245
2020.2/4	노원구	상계3.4동	12,219	27,455	13,616	13,839	27,343	13,585	13,758	112	31	81	2.23774	5,907
2020.2/4	노원구	상계6.7동	13,926	34,151	15,855	18,296	34,004	15,801	18,203	147	54	93	2.44176	4,756
2020.2/4	노원구	중계2.3동	15,411	36,153	16,722	19,431	36,023	16,676	19,347	130	46	84	2.33749	7,116
2020.2/4	노원구	공릉1동	18,209	38,731	18,989	19,742	38,082	18,648	19,434	649	341	308	2.09138	6,176
2020.2/4	은평구	소계	210,664	483,938	232,423	251,515	479,524	230,640	248,884	4,414	1,783	2,631	2.27625	83,272
2020.2/4	은평구	녹번동	17,255	38,145	18,230	19,915	37,680	18,017	19,663	465	213	252	2.18371	6,781
2020.2/4	은평구	불광1동	17,948	40,422	19,141	21,281	40,123	19,015	21,108	299	126	173	2.23551	7,595
2020.2/4	은평구	갈현1동	11,239	23,952	11,668	12,284	23,720	11,559	12,161	232	109	123	2.11051	4,376
2020.2/4	은평구	갈현2동	12,617	29,710	14,114	15,596	29,334	13,961	15,373	376	153	223	2.32496	4,803
2020.2/4	은평구	구산동	13,329	33,429	16,623	16,806	33,182	16,522	16,660	247	101	146	2.48946	6,019
2020.2/4	은평구	대조동	14,112	27,740	12,959	14,781	27,368	12,808	14,560	372	151	221	1.93934	4,944
2020.2/4	은평구	응암1동	12,767	28,510	13,564	14,946	28,210	13,443	14,767	300	121	179	2.2096	4,433
2020.2/4	은평구	응암2동	10,843	27,621	13,426	14,195	27,398	13,333	14,065	223	93	130	2.52679	3,656
2020.2/4	은평구	신사1동	11,794	28,140	13,591	14,549	27,907	13,511	14,396	233	80	153	2.3662	4,755
2020.2/4	은평구	신사2동	9,101	21,388	10,649	10,739	21,250	10,606	10,644	138	43	95	2.33491	3,783
2020.2/4	은평구	증산동	6,893	15,820	7,739	8,081	15,678	7,682	7,996	142	57	85	2.27448	3,066
2020.2/4	은평구	수색동	3,770	8,722	4,346	4,376	8,657	4,320	4,337	65	26	39	2.29629	1,758
2020.2/4	은평구	진관동	21,616	57,750	27,074	30,676	57,510	26,978	30,532	240	96	144	2.66053	7,830
2020.2/4	은평구	불광2동	13,887	29,069	14,139	14,930	28,764	14,010	14,754	305	129	176	2.07129	5,769
2020.2/4	은평구	응암3동	12,698	25,802	12,584	13,218	25,435	12,448	12,987	367	136	231	2.00307	5,523
2020.2/4	은평구	역촌동	20,795	47,718	22,576	25,142	47,308	22,427	24,881	410	149	261	2.27497	8,181
2020.2/4	서대문구	소계	143,323	324,224	153,921	170,303	312,720	149,920	162,800	11,504	4,001	7,503	2.18192	53,468
2020.2/4	서대문구	천연동	8,164	18,469	8,794	9,675	18,192	8,658	9,534	277	136	141	2.22832	3,321
2020.2/4	서대문구	홍제1동	10,391	24,811	11,674	13,137	24,525	11,543	12,982	286	131	155	2.36022	4,413
2020.2/4	서대문구	홍제3동	7,103	16,155	7,852	8,303	15,973	7,780	8,193	182	72	110	2.24877	3,502
2020.2/4	서대문구	홍제2동	5,898	14,520	6,907	7,613	14,403	6,858	7,545	117	49	68	2.44201	2,666
2020.2/4	서대문구	홍은1동	9,592	23,266	11,237	12,029	23,002	11,131	11,871	264	106	158	2.39804	4,452
2020.2/4	서대문구	홍은2동	12,274	27,982	13,488	14,494	27,252	13,197	14,055	730	291	439	2.2203	4,979
2020.2/4	서대문구	남가좌1동	5,928	16,371	7,874	8,497	16,091	7,767	8,324	280	107	173	2.71441	2,123
2020.2/4	서대문구	남가좌2동	13,099	30,727	14,722	16,005	29,895	14,423	15,472	832	299	533	2.28224	4,686
2020.2/4	서대문구	북가좌1동	6,987	18,809	9,079	9,730	18,668	9,028	9,640	141	51	90	2.67182	2,908
2020.2/4	서대문구	북가좌2동	14,752	33,432	16,217	17,215	33,061	16,078	16,983	371	139	232	2.24112	6,150
2020.2/4	서대문구	충현동	9,183	18,298	8,777	9,521	17,859	8,583	9,276	439	194	245	1.94479	3,202
2020.2/4	서대문구	북아현동	7,542	17,389	8,268	9,121	17,019	8,120	8,899	370	148	222	2.25656	2,330
2020.2/4	서대문구	신촌동	12,893	23,270	9,537	13,733	19,016	8,493	10,523	4,254	1,044	3,210	1.47491	2,209
2020.2/4	서대문구	연희동	19,517	40,725	19,495	21,230	37,764	18,261	19,503	2,961	1,234	1,727	1.93493	6,527
2020.2/4	마포구	소계	177,544	384,957	180,659	204,298	374,390	176,664	197,726	10,567	3,995	6,572	2.10872	53,694
2020.2/4	마포구	용강동	9,197	22,295	10,577	11,718	21,817	10,319	11,498	478	258	220	2.37219	2,887
2020.2/4	마포구	대흥동	8,216	15,753	7,357	8,396	14,109	6,863	7,246	1,644	494	1,150	1.71726	2,070
2020.2/4	마포구	염리동	5,658	13,111	6,173	6,938	12,233	5,920	6,313	878	253	625	2.16207	1,767
2020.2/4	마포구	신수동	10,214	23,796	11,528	12,268	23,332	11,353	11,979	464	175	289	2.28432	3,297
2020.2/4	마포구	서교동	14,808	26,273	11,827	14,446	24,647	11,286	13,361	1,626	541	1,085	1.66444	3,398
2020.2/4	마포구	합정동	9,691	18,850	8,723	10,127	18,474	8,572	9,902	376	151	225	1.9063	2,661
2020.2/4	마포구	망원1동	10,586	21,449	10,048	11,401	21,094	9,907	11,187	355	141	214	1.99263	3,386
2020.2/4	마포구	망원2동	8,467	19,316	9,136	10,180	19,113	9,056	10,057	203	80	123	2.25735	2,999
2020.2/4	마포구	연남동	8,818	16,824	7,851	8,973	15,769	7,403	8,366	1,055	448	607	1.78827	2,514
2020.2/4	마포구	성산1동	9,448	19,983	9,396	10,587	19,618	9,245	10,373	365	151	214	2.07642	2,920
2020.2/4	마포구	성산2동	19,020	41,273	18,868	22,405	40,967	18,764	22,203	306	104	202	2.15389	6,038
2020.2/4	마포구	상암동	12,809	32,407	15,468	16,939	31,826	15,203	16,623	581	265	316	2.48466	3,883
2020.2/4	마포구	도화동	9,570	22,332	10,677	11,655	22,069	10,561	11,508	263	116	147	2.30606	3,682
2020.2/4	마포구	서강동	11,696	25,863	12,169	13,694	25,070	11,919	13,151	793	250	543	2.14347	3,144
2020.2/4	마포구	공덕동	19,099	40,052	18,964	21,088	39,362	18,630	20,732	690	334	356	2.06095	5,990
2020.2/4	마포구	아현동	10,247	25,380	11,897	13,483	24,890	11,663	13,227	490	234	256	2.429	3,058
2020.2/4	양천구	소계	179,677	462,034	226,748	235,286	457,953	224,908	233,045	4,081	1,840	2,241	2.54876	63,824
2020.2/4	양천구	목1동	10,568	32,095	15,408	16,687	31,871	15,300	16,571	224	108	116	3.0158	3,027
2020.2/4	양천구	목2동	13,225	31,178	15,157	16,021	30,911	15,043	15,868	267	114	153	2.33732	3,973
2020.2/4	양천구	목3동	10,042	22,918	10,979	11,939	22,718	10,894	11,824	200	85	115	2.2623	3,159
2020.2/4	양천구	목4동	10,118	26,531	13,000	13,531	26,279	12,867	13,412	252	133	119	2.59725	3,126
2020.2/4	양천구	신월1동	10,130	21,456	10,980	10,476	21,112	10,832	10,280	344	148	196	2.08411	3,964
2020.2/4	양천구	신월2동	8,506	21,669	10,632	11,037	21,489	10,551	10,938	180	81	99	2.52633	3,705
2020.2/4	양천구	신월3동	8,136	16,349	8,619	7,730	16,115	8,512	7,603	234	107	127	1.9807	2,896
2020.2/4	양천구	신월4동	6,917	18,659	9,158	9,501	18,563	9,127	9,436	96	31	65	2.68368	3,055
2020.2/4	양천구	신월5동	6,453	15,392	7,638	7,754	15,233	7,570	7,663	159	68	91	2.36061	2,349
2020.2/4	양천구	신월6동	4,723	12,494	6,171	6,323	12,446	6,152	6,294	48	19	29	2.63519	1,566
2020.2/4	양천구	신월7동	9,225	21,038	10,299	10,739	20,890	10,259	10,631	148	40	108	2.2645	4,189
2020.2/4	양천구	신정1동	7,206	21,225	10,371	10,854	21,066	10,290	10,776	159	81	78	2.9234	2,574
2020.2/4	양천구	신정2동	7,123	20,482	10,017	10,465	20,225	9,906	10,319	257	111	146	2.83939	2,509
2020.2/4	양천구	신정3동	17,913	47,500	23,163	24,337	47,073	22,956	24,117	427	207	220	2.62787	6,682
2020.2/4	양천구	신정6동	8,222	25,217	12,278	12,939	25,190	12,267	12,923	27	11	16	3.06373	2,559
2020.2/4	양천구	신정7동	11,567	30,382	14,717	15,665	30,163	14,611	15,552	219	106	113	2.60768	4,673
2020.2/4	양천구	목5동	13,572	42,645	21,123	21,522	42,580	21,091	21,489	65	32	33	3.13734	4,131
2020.2/4	양천구	신정4동	16,031	34,804	17,038	17,766	34,029	16,680	17,349	775	358	417	2.1227	5,687
2020.2/4	강서구	소계	265,252	593,203	286,668	306,535	586,936	283,697	303,239	6,267	2,971	3,296	2.21275	87,032
2020.2/4	강서구	염창동	15,757	42,259	20,597	21,662	42,129	20,537	21,592	130	60	70	2.67367	4,105
2020.2/4	강서구	등촌1동	12,463	23,769	11,169	12,600	23,562	11,097	12,465	207	72	135	1.89056	2,753
2020.2/4	강서구	등촌2동	8,762	21,576	10,578	10,998	21,447	10,525	10,922	129	53	76	2.44773	3,015
2020.2/4	강서구	등촌3동	14,985	32,208	15,357	16,851	32,005	15,280	16,725	203	77	126	2.1358	6,300
2020.2/4	강서구	화곡본동	16,679	35,553	17,326	18,227	35,116	17,149	17,967	437	177	260	2.1054	4,685
2020.2/4	강서구	화곡2동	8,231	19,119	9,290	9,829	18,806	9,155	9,651	313	135	178	2.28478	2,793
2020.2/4	강서구	화곡3동	9,455	22,306	10,712	11,594	22,141	10,644	11,497	165	68	97	2.34172	3,869
2020.2/4	강서구	화곡4동	9,695	21,758	10,637	11,121	21,409	10,484	10,925	349	153	196	2.20825	3,652
2020.2/4	강서구	화곡6동	12,164	25,405	12,426	12,979	25,203	12,350	12,853	202	76	126	2.07193	3,753
2020.2/4	강서구	화곡8동	11,784	26,155	12,551	13,604	25,653	12,330	13,323	502	221	281	2.17693	4,211
2020.2/4	강서구	가양1동	19,497	34,187	15,854	18,333	33,839	15,653	18,186	348	201	147	1.7356	2,901
2020.2/4	강서구	가양2동	8,112	14,961	7,081	7,880	14,870	7,055	7,815	91	26	65	1.83309	3,795
2020.2/4	강서구	가양3동	7,929	15,976	7,482	8,494	15,864	7,436	8,428	112	46	66	2.00076	3,491
2020.2/4	강서구	발산1동	13,646	38,288	18,159	20,129	38,137	18,103	20,034	151	56	95	2.79474	4,564
2020.2/4	강서구	공항동	12,780	28,016	14,398	13,618	27,163	13,792	13,371	853	606	247	2.12543	3,785
2020.2/4	강서구	방화1동	17,515	45,279	22,043	23,236	45,001	21,930	23,071	278	113	165	2.56928	6,331
2020.2/4	강서구	방화2동	11,628	23,771	11,755	12,016	23,437	11,569	11,868	334	186	148	2.01557	4,627
2020.2/4	강서구	방화3동	11,328	24,130	11,670	12,460	23,977	11,624	12,353	153	46	107	2.11661	4,874
2020.2/4	강서구	화곡1동	26,704	54,160	26,331	27,829	53,059	25,837	27,222	1,101	494	607	1.98693	8,058
2020.2/4	강서구	우장산동	16,138	44,327	21,252	23,075	44,118	21,147	22,971	209	105	104	2.7338	5,470
2020.2/4	구로구	소계	178,367	436,707	218,051	218,656	405,075	200,098	204,977	31,632	17,953	13,679	2.27102	68,280
2020.2/4	구로구	신도림동	13,425	36,704	17,982	18,722	36,370	17,790	18,580	334	192	142	2.70912	4,443
2020.2/4	구로구	구로1동	8,346	21,931	10,791	11,140	21,452	10,543	10,909	479	248	231	2.57033	2,373
2020.2/4	구로구	구로3동	13,178	25,979	13,312	12,667	24,037	12,262	11,775	1,942	1,050	892	1.82402	3,397
2020.2/4	구로구	구로4동	10,626	25,862	13,088	12,774	20,685	10,061	10,624	5,177	3,027	2,150	1.94664	4,442
2020.2/4	구로구	구로5동	14,646	33,166	16,274	16,892	29,732	14,367	15,365	3,434	1,907	1,527	2.03004	4,591
2020.2/4	구로구	고척1동	9,596	23,966	11,971	11,995	23,508	11,738	11,770	458	233	225	2.44977	4,175
2020.2/4	구로구	고척2동	11,612	28,415	14,111	14,304	27,815	13,795	14,020	600	316	284	2.39537	4,887
2020.2/4	구로구	개봉2동	12,580	32,560	15,907	16,653	32,058	15,675	16,383	502	232	270	2.54833	5,999
2020.2/4	구로구	개봉3동	8,911	21,899	10,718	11,181	21,413	10,488	10,925	486	230	256	2.40299	4,047
2020.2/4	구로구	오류1동	11,610	23,424	11,472	11,952	22,698	11,128	11,570	726	344	382	1.95504	3,855
2020.2/4	구로구	수궁동	9,899	24,468	12,105	12,363	24,125	11,928	12,197	343	177	166	2.43711	4,121
2020.2/4	구로구	가리봉동	5,971	15,062	8,650	6,412	9,373	5,078	4,295	5,689	3,572	2,117	1.56975	2,128
2020.2/4	구로구	구로2동	12,704	34,406	17,952	16,454	24,832	12,488	12,344	9,574	5,464	4,110	1.95466	5,794
2020.2/4	구로구	개봉1동	13,849	33,028	16,562	16,466	31,996	16,031	15,965	1,032	531	501	2.31035	5,975
2020.2/4	구로구	오류2동	15,550	40,297	19,496	20,801	39,483	19,083	20,400	814	413	401	2.5391	6,655
2020.2/4	구로구	항동	5,864	15,540	7,660	7,880	15,498	7,643	7,855	42	17	25	2.64291	1,398
2020.2/4	금천구	소계	112,570	250,554	128,078	122,476	232,250	117,762	114,488	18,304	10,316	7,988	2.06316	38,950
2020.2/4	금천구	가산동	14,456	24,830	13,886	10,944	21,574	11,917	9,657	3,256	1,969	1,287	1.49239	2,517
2020.2/4	금천구	독산1동	21,047	44,812	23,311	21,501	42,453	21,930	20,523	2,359	1,381	978	2.01706	5,507
2020.2/4	금천구	독산2동	9,304	21,038	10,732	10,306	19,158	9,706	9,452	1,880	1,026	854	2.05911	3,320
2020.2/4	금천구	독산3동	12,455	29,351	15,115	14,236	24,823	12,510	12,313	4,528	2,605	1,923	1.99301	4,479
2020.2/4	금천구	독산4동	7,665	18,001	9,137	8,864	15,801	7,942	7,859	2,200	1,195	1,005	2.06145	2,845
2020.2/4	금천구	시흥1동	15,972	36,274	18,278	17,996	33,989	17,022	16,967	2,285	1,256	1,029	2.12804	5,999
2020.2/4	금천구	시흥2동	8,424	22,316	10,819	11,497	22,194	10,765	11,429	122	54	68	2.63462	3,917
2020.2/4	금천구	시흥3동	4,757	11,460	5,731	5,729	11,290	5,645	5,645	170	86	84	2.37334	2,240
2020.2/4	금천구	시흥4동	9,117	21,877	10,849	11,028	21,074	10,442	10,632	803	407	396	2.31151	3,904
2020.2/4	금천구	시흥5동	9,373	20,595	10,220	10,375	19,894	9,883	10,011	701	337	364	2.12248	4,222
2020.2/4	영등포구	소계	179,787	405,154	202,648	202,506	373,349	184,905	188,444	31,805	17,743	14,062	2.07662	60,071
2020.2/4	영등포구	여의동	13,729	34,675	16,344	18,331	34,314	16,139	18,175	361	205	156	2.49938	6,066
2020.2/4	영등포구	당산1동	10,721	21,339	10,503	10,836	20,831	10,253	10,578	508	250	258	1.94301	3,297
2020.2/4	영등포구	당산2동	18,049	37,249	17,447	19,802	36,812	17,249	19,563	437	198	239	2.03956	4,495
2020.2/4	영등포구	양평1동	9,088	18,030	8,884	9,146	17,677	8,718	8,959	353	166	187	1.94509	2,459
2020.2/4	영등포구	양평2동	10,126	22,665	11,278	11,387	22,412	11,148	11,264	253	130	123	2.21331	2,461
2020.2/4	영등포구	신길1동	10,364	19,537	10,018	9,519	17,581	8,932	8,649	1,956	1,086	870	1.69635	3,341
2020.2/4	영등포구	신길3동	7,650	18,436	9,187	9,249	17,120	8,460	8,660	1,316	727	589	2.23791	3,032
2020.2/4	영등포구	신길4동	4,327	9,842	5,029	4,813	8,887	4,468	4,419	955	561	394	2.05385	1,873
2020.2/4	영등포구	신길5동	4,937	12,712	6,294	6,418	11,179	5,413	5,766	1,533	881	652	2.26433	2,039
2020.2/4	영등포구	신길6동	8,565	19,171	9,446	9,725	18,005	8,809	9,196	1,166	637	529	2.10216	3,164
2020.2/4	영등포구	신길7동	7,881	20,634	10,299	10,335	20,411	10,184	10,227	223	115	108	2.5899	2,344
2020.2/4	영등포구	대림1동	6,379	16,018	8,218	7,800	12,718	6,326	6,392	3,300	1,892	1,408	1.99373	2,898
2020.2/4	영등포구	대림2동	6,865	20,820	10,909	9,911	12,443	6,082	6,361	8,377	4,827	3,550	1.81253	3,005
2020.2/4	영등포구	대림3동	10,453	27,975	14,346	13,629	23,288	11,702	11,586	4,687	2,644	2,043	2.22788	4,285
2020.2/4	영등포구	영등포본동	10,228	24,304	12,540	11,764	21,636	11,071	10,565	2,668	1,469	1,199	2.11537	3,971
2020.2/4	영등포구	영등포동	18,003	27,762	15,017	12,745	27,056	14,647	12,409	706	370	336	1.50286	3,450
2020.2/4	영등포구	도림동	9,384	21,251	10,776	10,475	18,461	9,297	9,164	2,790	1,479	1,311	1.96728	3,361
2020.2/4	영등포구	문래동	13,038	32,734	16,113	16,621	32,518	16,007	16,511	216	106	110	2.49409	4,530
2020.2/4	동작구	소계	183,537	406,776	196,479	210,297	395,165	191,211	203,954	11,611	5,268	6,343	2.15305	64,039
2020.2/4	동작구	노량진2동	7,262	13,650	7,043	6,607	12,662	6,521	6,141	988	522	466	1.7436	2,696
2020.2/4	동작구	상도1동	21,593	47,529	22,899	24,630	45,673	22,148	23,525	1,856	751	1,105	2.11518	6,768
2020.2/4	동작구	상도2동	12,775	28,860	13,872	14,988	28,502	13,727	14,775	358	145	213	2.23108	4,342
2020.2/4	동작구	상도3동	12,046	25,798	12,355	13,443	25,380	12,154	13,226	418	201	217	2.10692	4,244
2020.2/4	동작구	상도4동	13,712	29,723	14,429	15,294	29,294	14,237	15,057	429	192	237	2.13638	4,844
2020.2/4	동작구	사당1동	13,246	23,931	11,364	12,567	23,275	11,037	12,238	656	327	329	1.75713	3,637
2020.2/4	동작구	사당3동	10,541	25,580	12,395	13,185	25,305	12,272	13,033	275	123	152	2.40063	4,292
2020.2/4	동작구	사당4동	7,153	14,819	7,088	7,731	14,624	6,990	7,634	195	98	97	2.04446	2,549
2020.2/4	동작구	사당5동	6,503	14,662	7,107	7,555	14,548	7,058	7,490	114	49	65	2.23712	2,200
2020.2/4	동작구	대방동	17,229	39,683	18,842	20,841	39,260	18,631	20,629	423	211	212	2.27872	5,514
2020.2/4	동작구	신대방1동	10,116	26,304	12,842	13,462	23,794	11,482	12,312	2,510	1,360	1,150	2.35212	3,680
2020.2/4	동작구	신대방2동	9,424	20,546	9,799	10,747	20,260	9,680	10,580	286	119	167	2.14983	2,972
2020.2/4	동작구	흑석동	14,397	34,992	16,740	18,252	32,703	15,936	16,767	2,289	804	1,485	2.27151	5,617
2020.2/4	동작구	노량진1동	15,596	32,649	16,217	16,432	32,291	16,057	16,234	358	160	198	2.07047	5,569
2020.2/4	동작구	사당2동	11,944	28,050	13,487	14,563	27,594	13,281	14,313	456	206	250	2.31028	5,115
2020.2/4	관악구	소계	273,715	516,318	258,740	257,578	499,740	250,829	248,911	16,578	7,911	8,667	1.82577	77,341
2020.2/4	관악구	보라매동	12,466	25,856	12,677	13,179	24,848	12,168	12,680	1,008	509	499	1.99326	4,300
2020.2/4	관악구	청림동	6,566	16,007	7,818	8,189	15,876	7,763	8,113	131	55	76	2.41791	2,683
2020.2/4	관악구	행운동	17,453	30,225	14,607	15,618	29,690	14,407	15,283	535	200	335	1.70114	4,245
2020.2/4	관악구	낙성대동	11,105	17,840	8,966	8,874	17,153	8,641	8,512	687	325	362	1.54462	1,959
2020.2/4	관악구	중앙동	9,724	16,065	7,653	8,412	15,617	7,472	8,145	448	181	267	1.60603	2,368
2020.2/4	관악구	인헌동	14,245	26,938	13,142	13,796	26,565	12,999	13,566	373	143	230	1.86486	3,894
2020.2/4	관악구	남현동	9,478	18,814	9,065	9,749	18,601	8,979	9,622	213	86	127	1.96254	2,666
2020.2/4	관악구	서원동	14,209	24,049	12,366	11,683	23,214	11,957	11,257	835	409	426	1.63375	3,218
2020.2/4	관악구	신원동	10,793	19,647	9,822	9,825	18,487	9,243	9,244	1,160	579	581	1.71287	3,186
2020.2/4	관악구	서림동	14,453	24,440	13,359	11,081	23,845	13,111	10,734	595	248	347	1.64983	3,416
2020.2/4	관악구	신사동	13,607	25,976	13,081	12,895	22,999	11,530	11,469	2,977	1,551	1,426	1.69023	3,493
2020.2/4	관악구	신림동	17,212	22,853	11,828	11,025	21,924	11,379	10,545	929	449	480	1.27376	1,959
2020.2/4	관악구	난향동	6,434	16,171	7,963	8,208	16,034	7,886	8,148	137	77	60	2.49207	2,729
2020.2/4	관악구	조원동	10,541	19,531	9,968	9,563	17,596	8,918	8,678	1,935	1,050	885	1.66929	2,758
2020.2/4	관악구	대학동	16,191	24,887	14,796	10,091	23,769	14,346	9,423	1,118	450	668	1.46804	2,788
2020.2/4	관악구	은천동	16,075	34,995	17,118	17,877	34,353	16,827	17,526	642	291	351	2.13705	5,655
2020.2/4	관악구	성현동	12,492	30,703	14,851	15,852	30,510	14,772	15,738	193	79	114	2.44236	5,254
2020.2/4	관악구	청룡동	22,094	35,766	17,124	18,642	34,470	16,558	17,912	1,296	566	730	1.56015	4,336
2020.2/4	관악구	난곡동	12,971	28,414	14,266	14,148	27,870	14,005	13,865	544	261	283	2.14864	5,189
2020.2/4	관악구	삼성동	11,429	24,841	12,430	12,411	24,676	12,368	12,308	165	62	103	2.15907	5,713
2020.2/4	관악구	미성동	14,177	32,300	15,840	16,460	31,643	15,500	16,143	657	340	317	2.232	5,532
2020.2/4	서초구	소계	173,998	433,062	207,095	225,967	428,919	205,037	223,882	4,143	2,058	2,085	2.46508	59,063
2020.2/4	서초구	서초1동	9,345	21,403	10,316	11,087	21,185	10,212	10,973	218	104	114	2.26699	2,994
2020.2/4	서초구	서초2동	8,575	18,953	9,018	9,935	18,699	8,869	9,830	254	149	105	2.18064	2,166
2020.2/4	서초구	서초3동	13,880	31,158	15,128	16,030	30,822	14,973	15,849	336	155	181	2.22061	4,504
2020.2/4	서초구	서초4동	11,060	31,975	15,572	16,403	31,724	15,430	16,294	251	142	109	2.86835	4,000
2020.2/4	서초구	잠원동	13,667	33,788	16,053	17,735	33,588	15,956	17,632	200	97	103	2.4576	3,898
2020.2/4	서초구	반포본동	4,136	12,107	5,750	6,357	12,039	5,714	6,325	68	36	32	2.91078	1,936
2020.2/4	서초구	반포1동	14,389	32,981	15,899	17,082	32,608	15,736	16,872	373	163	210	2.26618	3,423
2020.2/4	서초구	반포2동	5,123	16,327	7,800	8,527	16,159	7,717	8,442	168	83	85	3.15421	1,899
2020.2/4	서초구	반포3동	7,525	21,741	10,276	11,465	21,679	10,244	11,435	62	32	30	2.88093	2,722
2020.2/4	서초구	반포4동	7,319	20,148	9,561	10,587	19,553	9,243	10,310	595	318	277	2.67154	2,767
2020.2/4	서초구	방배본동	7,964	21,424	9,920	11,504	21,221	9,825	11,396	203	95	108	2.66462	2,984
2020.2/4	서초구	방배1동	7,720	17,659	8,273	9,386	17,533	8,215	9,318	126	58	68	2.27111	2,778
2020.2/4	서초구	방배2동	8,707	20,628	9,691	10,937	20,474	9,611	10,863	154	80	74	2.35144	3,433
2020.2/4	서초구	방배3동	8,366	21,938	10,578	11,360	21,796	10,509	11,287	142	69	73	2.60531	3,651
2020.2/4	서초구	방배4동	9,796	24,029	10,997	13,032	23,744	10,862	12,882	285	135	150	2.42385	3,331
2020.2/4	서초구	양재1동	18,283	45,486	21,779	23,707	45,108	21,600	23,508	378	179	199	2.46721	6,639
2020.2/4	서초구	양재2동	10,808	22,930	11,540	11,390	22,666	11,402	11,264	264	138	126	2.09715	2,816
2020.2/4	서초구	내곡동	7,335	18,387	8,944	9,443	18,321	8,919	9,402	66	25	41	2.49775	3,122
2020.2/4	강남구	소계	233,484	546,158	261,187	284,971	541,233	258,753	282,480	4,925	2,434	2,491	2.31807	73,097
2020.2/4	강남구	신사동	7,391	17,270	8,040	9,230	17,003	7,895	9,108	267	145	122	2.3005	2,909
2020.2/4	강남구	논현1동	14,443	23,916	11,205	12,711	23,220	10,849	12,371	696	356	340	1.6077	2,942
2020.2/4	강남구	논현2동	11,440	21,851	10,129	11,722	21,551	9,985	11,566	300	144	156	1.88383	3,056
2020.2/4	강남구	삼성1동	6,042	14,924	7,454	7,470	14,684	7,293	7,391	240	161	79	2.43032	2,187
2020.2/4	강남구	삼성2동	13,490	30,534	14,542	15,992	30,281	14,397	15,884	253	145	108	2.2447	3,344
2020.2/4	강남구	대치1동	7,394	25,141	12,612	12,529	25,103	12,592	12,511	38	20	18	3.39505	2,283
2020.2/4	강남구	대치4동	10,216	20,744	9,786	10,958	20,460	9,646	10,814	284	140	144	2.00274	2,002
2020.2/4	강남구	역삼1동	23,850	36,921	17,756	19,165	35,976	17,330	18,646	945	426	519	1.50843	3,597
2020.2/4	강남구	역삼2동	15,690	37,557	17,604	19,953	37,244	17,448	19,796	313	156	157	2.37374	3,576
2020.2/4	강남구	도곡1동	8,652	22,510	10,672	11,838	22,363	10,593	11,770	147	79	68	2.58472	2,864
2020.2/4	강남구	도곡2동	11,843	34,379	15,973	18,406	34,270	15,907	18,363	109	66	43	2.89369	4,588
2020.2/4	강남구	개포1동	2,713	6,853	3,313	3,540	6,829	3,303	3,526	24	10	14	2.51714	1,547
2020.2/4	강남구	개포4동	7,768	18,216	8,913	9,303	18,050	8,844	9,206	166	69	97	2.32364	2,382
2020.2/4	강남구	일원본동	8,160	24,209	11,928	12,281	24,175	11,911	12,264	34	17	17	2.96262	2,740
2020.2/4	강남구	일원1동	7,499	16,178	7,893	8,285	16,020	7,838	8,182	158	55	103	2.13628	3,102
2020.2/4	강남구	일원2동	7,392	18,017	8,698	9,319	17,947	8,677	9,270	70	21	49	2.4279	3,100
2020.2/4	강남구	수서동	7,881	15,689	7,157	8,532	15,617	7,135	8,482	72	22	50	1.9816	4,290
2020.2/4	강남구	세곡동	17,978	44,997	21,407	23,590	44,800	21,326	23,474	197	81	116	2.49193	6,254
2020.2/4	강남구	압구정동	10,723	27,804	12,805	14,999	27,636	12,723	14,913	168	82	86	2.57726	5,002
2020.2/4	강남구	청담동	11,891	27,598	12,932	14,666	27,357	12,804	14,553	241	128	113	2.30065	3,787
2020.2/4	강남구	대치2동	12,950	38,310	19,474	18,836	38,167	19,392	18,775	143	82	61	2.94726	4,518
2020.2/4	강남구	개포2동	8,078	22,540	10,894	11,646	22,480	10,865	11,615	60	29	31	2.78287	3,027
2020.2/4	송파구	소계	280,135	678,067	327,383	350,684	671,512	324,317	347,195	6,555	3,066	3,489	2.3971	90,700
2020.2/4	송파구	풍납1동	6,440	15,041	7,422	7,619	14,242	7,024	7,218	799	398	401	2.21149	2,767
2020.2/4	송파구	풍납2동	11,102	25,956	12,327	13,629	25,761	12,237	13,524	195	90	105	2.32039	3,590
2020.2/4	송파구	거여1동	5,566	13,183	6,709	6,474	13,074	6,671	6,403	109	38	71	2.3489	2,279
2020.2/4	송파구	거여2동	7,204	16,779	8,217	8,562	16,703	8,192	8,511	76	25	51	2.31857	3,107
2020.2/4	송파구	마천1동	9,036	20,455	10,427	10,028	20,251	10,350	9,901	204	77	127	2.24115	4,108
2020.2/4	송파구	마천2동	8,823	20,068	10,180	9,888	19,886	10,099	9,787	182	81	101	2.25388	3,978
2020.2/4	송파구	방이1동	6,306	16,461	7,925	8,536	16,335	7,865	8,470	126	60	66	2.59039	2,095
2020.2/4	송파구	방이2동	14,267	26,663	12,586	14,077	26,142	12,351	13,791	521	235	286	1.83234	3,379
2020.2/4	송파구	오륜동	5,958	18,708	9,203	9,505	18,698	9,199	9,499	10	4	6	3.1383	2,516
2020.2/4	송파구	오금동	15,960	40,841	19,825	21,016	40,658	19,735	20,923	183	90	93	2.54749	5,946
2020.2/4	송파구	송파1동	12,450	25,683	12,080	13,603	25,244	11,843	13,401	439	237	202	2.02763	3,313
2020.2/4	송파구	송파2동	7,538	20,796	10,018	10,778	20,640	9,939	10,701	156	79	77	2.73813	2,775
2020.2/4	송파구	석촌동	17,093	33,827	16,141	17,686	33,124	15,808	17,316	703	333	370	1.93787	4,307
2020.2/4	송파구	삼전동	16,325	32,220	15,260	16,960	31,824	15,096	16,728	396	164	232	1.9494	3,834
2020.2/4	송파구	가락본동	11,962	27,715	13,744	13,971	27,352	13,576	13,776	363	168	195	2.28657	3,523
2020.2/4	송파구	가락1동	9,919	28,065	13,653	14,412	27,982	13,620	14,362	83	33	50	2.82105	2,937
2020.2/4	송파구	가락2동	12,339	33,503	16,447	17,056	33,293	16,349	16,944	210	98	112	2.69819	3,946
2020.2/4	송파구	문정1동	8,569	21,234	10,442	10,792	21,036	10,355	10,681	198	87	111	2.4549	2,838
2020.2/4	송파구	문정2동	15,575	29,987	13,878	16,109	29,816	13,812	16,004	171	66	105	1.91435	3,759
2020.2/4	송파구	잠실본동	15,386	29,408	13,886	15,522	28,832	13,624	15,208	576	262	314	1.87391	3,632
2020.2/4	송파구	잠실4동	7,454	22,063	10,643	11,420	21,987	10,609	11,378	76	34	42	2.94969	2,652
2020.2/4	송파구	잠실6동	5,950	17,465	8,307	9,158	17,256	8,189	9,067	209	118	91	2.90017	2,673
2020.2/4	송파구	잠실7동	3,475	10,088	4,693	5,395	10,072	4,684	5,388	16	9	7	2.89842	2,059
2020.2/4	송파구	잠실2동	11,964	36,712	17,569	19,143	36,603	17,506	19,097	109	63	46	3.05943	3,326
2020.2/4	송파구	잠실3동	12,176	35,780	17,048	18,732	35,587	16,950	18,637	193	98	95	2.92272	5,254
2020.2/4	송파구	장지동	12,268	31,022	14,990	16,032	30,830	14,888	15,942	192	102	90	2.51304	4,094
2020.2/4	송파구	위례동	9,030	28,344	13,763	14,581	28,284	13,746	14,538	60	17	43	3.13223	2,013
2020.2/4	강동구	소계	193,095	461,547	227,242	234,305	457,164	225,206	231,958	4,383	2,036	2,347	2.36756	67,742
2020.2/4	강동구	강일동	11,253	31,866	15,383	16,483	31,725	15,316	16,409	141	67	74	2.81925	4,686
2020.2/4	강동구	상일동	11,349	32,624	16,137	16,487	32,478	16,066	16,412	146	71	75	2.86175	3,473
2020.2/4	강동구	명일1동	10,037	26,550	12,976	13,574	26,453	12,940	13,513	97	36	61	2.63555	3,732
2020.2/4	강동구	명일2동	5,981	17,501	8,625	8,876	17,455	8,606	8,849	46	19	27	2.91841	2,372
2020.2/4	강동구	고덕1동	8,938	26,536	13,494	13,042	26,423	13,425	12,998	113	69	44	2.95625	2,732
2020.2/4	강동구	고덕2동	8,146	21,306	10,829	10,477	21,196	10,770	10,426	110	59	51	2.60201	2,619
2020.2/4	강동구	암사2동	6,382	15,647	7,583	8,064	15,587	7,558	8,029	60	25	35	2.44234	2,285
2020.2/4	강동구	암사3동	6,352	18,438	9,006	9,432	18,388	8,985	9,403	50	21	29	2.89484	2,456
2020.2/4	강동구	천호1동	12,862	28,041	13,782	14,259	27,741	13,674	14,067	300	108	192	2.15682	4,930
2020.2/4	강동구	천호3동	13,759	27,303	13,370	13,933	26,764	13,100	13,664	539	270	269	1.9452	4,501
2020.2/4	강동구	성내1동	8,169	20,403	9,869	10,534	20,273	9,818	10,455	130	51	79	2.4817	2,900
2020.2/4	강동구	성내2동	12,759	25,096	12,344	12,752	24,339	11,950	12,389	757	394	363	1.90759	4,139
2020.2/4	강동구	성내3동	10,498	23,824	11,713	12,111	23,526	11,591	11,935	298	122	176	2.241	3,594
2020.2/4	강동구	둔촌1동	161	274	130	144	261	125	136	13	5	8	1.62112	96
2020.2/4	강동구	둔촌2동	11,234	27,292	13,475	13,817	27,152	13,411	13,741	140	64	76	2.41695	4,111
2020.2/4	강동구	암사1동	16,179	36,254	17,927	18,327	35,931	17,797	18,134	323	130	193	2.22084	5,796
2020.2/4	강동구	천호2동	17,754	35,642	17,696	17,946	34,853	17,290	17,563	789	406	383	1.96311	5,875
2020.2/4	강동구	길동	21,282	46,950	22,903	24,047	46,619	22,784	23,835	331	119	212	2.19054	7,445